
***********************************************************
Agora:  Rindex28/f001R1.raw
186.677677778 62.6384657073
ax (300, 300)
amx =  (30, 30)
xy =  (30, 30)
253.620358237 78.4836506638
amx: 
[[  0.00000000e+00   0.00000000e+00   0.00000000e+00   0.00000000e+00
    0.00000000e+00   0.00000000e+00   0.00000000e+00   4.85792702e+01
    6.16005178e+01   0.00000000e+00   0.00000000e+00  -3.10850417e+02
   -2.74633000e+04  -3.86933488e+03  -6.97960713e+04  -7.10252834e+05
   -1.30374002e+06  -5.33702892e+05  -1.12814917e+05  -2.47524715e+02
    4.71080276e+00  -1.11208751e+05  -7.27360952e+04  -4.02567538e+00
   -1.17664753e+03   0.00000000e+00   0.00000000e+00   0.00000000e+00
    0.00000000e+00   0.00000000e+00]
 [  0.00000000e+00   0.00000000e+00   0.00000000e+00   0.00000000e+00
    0.00000000e+00  -3.93288844e+04  -5.50041002e+06  -4.09703697e+06
   -6.44131495e+05  -4.30057992e+06  -4.34113730e+06  -4.24945278e+06
   -3.01840527e+06  -6.26210185e+06  -6.92064946e+06  -6.43552130e+06
   -7.31759344e+06  -5.31865000e+06  -5.89988943e+06  -4.20509994e+06
   -5.60286844e+06  -3.82062484e+06  -4.72471615e+06  -2.98960053e+06
   -1.26706057e+06  -2.40605004e+06   7.62618919e+03   0.00000000e+00
    0.00000000e+00   0.00000000e+00]
 [ -7.53728441e-01   7.56433031e+02  -1.68876552e+04   8.18774175e+02
    4.26644322e+05  -2.59232546e+06  -8.63711626e+06  -5.48233865e+06
   -9.39177962e+06  -9.32430932e+06  -6.86247661e+06  -9.45220031e+06
   -1.22404947e+07  -1.19777064e+07  -1.11330019e+07  -9.77281589e+06
   -1.00975158e+07  -1.09312923e+07  -8.34959878e+06  -2.62995644e+06
   -6.51157146e+06  -6.20616757e+06  -7.46150053e+06  -5.81165570e+06
   -5.45915742e+06  -1.51198552e+06  -1.06026283e+05   2.84840220e+03
    0.00000000e+00   0.00000000e+00]
 [  0.00000000e+00   7.71672802e+03   1.44065028e+04   4.87729756e+05
    1.39377342e+06  -9.76209662e+05  -4.43879645e+06  -5.68233725e+06
   -5.53984729e+06  -6.92641942e+06  -6.46007403e+06  -7.01613426e+06
   -7.74717092e+06  -9.96559221e+06  -8.54662160e+06  -8.02784612e+06
   -1.05831305e+07  -8.91840297e+06  -5.66029725e+06  -5.49191438e+06
   -5.60220636e+06  -5.21329156e+06  -4.07593137e+06  -4.67613050e+06
   -2.62204968e+06  -2.34960072e+06  -8.18962638e+05   7.63663446e+04
    0.00000000e+00   0.00000000e+00]
 [ -1.36371851e+01  -1.00195830e+01  -5.45157649e+02   2.93105593e+06
   -7.53997356e+05   2.41432785e+05  -3.91875881e+06  -3.10898278e+06
   -5.32613430e+06  -5.35962061e+06  -5.69123814e+06  -6.59589233e+06
   -8.36433695e+06  -8.40716840e+06  -7.74283918e+06  -5.32401709e+06
   -4.63929616e+06  -6.54980735e+06  -6.50275490e+06  -4.76261259e+06
   -5.84880733e+06  -4.14640444e+06  -4.35408041e+06  -3.07875104e+06
   -2.36586446e+06  -2.90845179e+06  -1.09531270e+06   5.04841104e+05
   -2.55516886e+00  -8.24832120e-01]
 [ -1.28394416e+03  -3.85493616e+03  -2.63214332e+04   5.14416353e+05
    6.81953644e+05   5.75287155e+05  -6.00832850e+05  -3.18802118e+06
   -5.10923434e+06  -3.66838913e+06  -4.23045619e+06  -7.22036027e+06
   -8.27751783e+06  -8.50422098e+06  -9.14177026e+06  -9.58893395e+06
   -9.26781207e+06  -5.91285396e+06  -8.38898337e+06  -7.71835970e+06
   -5.22081726e+06  -5.22496393e+06  -3.79498872e+06  -2.92711986e+06
   -1.85734868e+06  -1.21191317e+06  -1.25182254e+06  -4.12114516e+04
    1.97080393e+04  -1.68293487e+03]
 [ -4.78778964e+03  -1.70469587e+04   1.47219435e+06   2.13955464e+06
    2.94777071e+06  -4.61721680e+05   7.77323399e+05   8.62154274e+04
   -3.06359491e+06  -2.71474536e+06  -3.83622140e+06  -2.40268997e+06
   -1.63107786e+06  -7.19294317e+06  -9.26993310e+06  -8.11191637e+06
   -1.06687807e+07  -6.80536145e+06  -6.46491180e+06  -7.37798716e+06
   -5.68638186e+06  -6.27860440e+06  -2.25012746e+06  -3.17376047e+06
   -1.17735993e+06   6.58453773e+05  -3.09426239e+05   3.13557073e+06
    1.19459276e+06  -6.86531004e+03]
 [ -3.73966061e+03  -1.47470560e+04   5.99343923e+05   1.81260094e+06
    2.30181165e+06   1.43180802e+06   1.26694914e+06   2.82839102e+05
   -1.66229389e+06  -2.61885424e+06  -3.64942018e+06  -3.21791110e+06
   -1.83860025e+06  -7.34939323e+06  -9.14996452e+06  -8.57553136e+06
   -8.49841117e+06  -4.60076415e+06  -7.33697994e+06  -5.40139278e+06
   -4.78228510e+06  -5.29770218e+06  -1.29218289e+06  -1.25941733e+06
    6.21763684e+05   2.99071302e+06   2.87890422e+06   1.84448285e+06
    1.54930510e+06  -6.47002378e+03]
 [ -3.32245293e+03  -3.51120464e+03   2.55481067e+06   3.58536412e+06
    3.71189089e+06   2.99093853e+06   2.01410507e+06   9.78768249e+05
   -8.93352111e+05  -4.54127462e+05  -2.82296030e+06  -2.04913085e+06
   -1.52439578e+06  -5.00250620e+06  -6.41377197e+06  -3.01200238e+06
   -8.06345288e+06  -8.10694053e+06  -7.89921591e+06  -4.63486145e+06
   -3.44527152e+06  -1.81324067e+06  -7.40163299e+05   1.87746959e+06
    2.65462679e+06   1.40230047e+06   2.04058826e+06   2.29744281e+06
    5.28714190e+06  -4.65817382e+03]
 [ -1.57054660e+03   2.15391214e+06   4.19339687e+06   4.66797643e+06
    3.60870941e+06   2.74975600e+06   1.23114321e+06   3.29245275e+06
    1.80961873e+06   9.81976558e+05   6.61930124e+05  -4.57762663e+05
   -1.84743235e+06  -2.62860097e+06  -4.33445601e+06  -4.38721592e+06
   -8.96697150e+06  -5.64321562e+06  -2.62592769e+06  -4.54503076e+05
   -2.03320917e+06   1.92504246e+05   1.57082504e+06   2.49280909e+06
    3.91149542e+06   3.13821557e+06   2.59510759e+06   4.27914681e+06
    4.03524223e+06   4.01605202e+04]
 [ -4.56781164e+03   1.22529256e+06   2.18333178e+06   3.99788044e+06
    4.18136501e+06   2.79852594e+06   4.27699212e+06   2.64894704e+06
    2.45651729e+06   1.96839850e+06   1.71759188e+06   3.09721555e+05
   -2.50869357e+05  -2.34406143e+06  -2.73823892e+06  -6.54452937e+06
   -9.96905842e+06  -4.27270257e+06   4.72351300e+05   1.99877425e+06
    7.46507514e+05   9.20094084e+05   1.95483329e+06   5.46191341e+06
    5.04422032e+06   3.46194390e+06   3.70448053e+06   5.15368964e+06
    6.31181335e+06  -3.64677462e+03]
 [ -7.52263073e+03   2.82122509e+06   4.78755792e+06   4.91901713e+06
    4.09466520e+06   1.91309019e+06   2.14282471e+06   4.20494501e+06
    5.40088984e+06   5.14622346e+06   3.73651701e+06   4.80842526e+06
    3.49842314e+06   8.97181646e+05   5.72610248e+05  -3.95266829e+06
   -5.87554506e+06  -3.23161655e+06   1.57667704e+06   2.23220339e+06
    3.55198448e+06   2.83334050e+06   3.28481888e+06   2.96495742e+06
    2.62321708e+06   3.51772986e+06   4.46179964e+06   4.50680950e+06
    4.27444134e+06  -1.92027483e+03]
 [ -1.36313621e+04   1.93380635e+06   2.29619537e+06   4.87949687e+06
    4.63034864e+06   3.43777316e+06   2.86727077e+06   3.25681629e+06
    5.57292543e+06   4.54393099e+06   2.22975444e+06   5.48415473e+06
    7.75075320e+06   6.01049391e+06   3.30108738e+06   1.70695921e+06
    2.96515375e+05  -3.92364102e+05   2.17171801e+06   2.80052842e+06
    2.40335263e+06   2.88832747e+06   3.98997590e+06   3.95973665e+06
    3.24108469e+06   5.92652754e+06   7.32688678e+06   5.09064796e+06
    8.37479611e+06  -1.75323561e+04]
 [ -2.15783914e+03   4.10163559e+06   1.29500699e+06   2.87321731e+06
    5.36415324e+06   5.18728588e+06   4.62142587e+06   4.68995557e+06
    5.64392704e+06   6.10890358e+06   4.88122213e+06   6.88501625e+06
    7.67420859e+06   7.62202512e+06   9.22104062e+06   4.46462635e+06
    4.58841812e+06   7.82252490e+05   2.73610138e+06   3.62178232e+06
    2.77104995e+06   4.81940679e+06   6.36098358e+06   3.95799798e+06
    1.48976843e+06   5.72888650e+06   8.06707229e+06   8.53947573e+06
    4.18743292e+06   1.11608004e+05]
 [ -1.11544184e+03   6.76118609e+05   6.18333556e+06   4.17048909e+06
    4.48389095e+06   3.14280056e+06   4.35315541e+06   4.34060576e+06
    6.31467436e+06   5.66091830e+06   7.13323294e+06   7.35373611e+06
    7.42560635e+06   7.04841739e+06   7.16305965e+06   2.21186764e+06
    2.82117648e+06   1.73353602e+06   1.64362795e+06   3.09202416e+06
    1.90106045e+06   3.49718172e+06   4.84408038e+06   3.82369539e+06
    1.25135302e+06   9.63471482e+05   2.83647002e+06   7.88738019e+06
    6.12029622e+06   1.32834259e+04]
 [ -3.95113944e+03   3.75711048e+06   4.91844062e+06   3.75019350e+06
    4.46975207e+06   2.65038670e+06   5.92198329e+06   5.98524314e+06
    6.05891896e+06   7.00637615e+06   7.55717907e+06   5.88103429e+06
    7.32668046e+06   6.08571657e+06   4.97719223e+06   1.25250121e+06
    1.73197457e+06   2.21290895e+06   3.33893448e+06   1.37056458e+06
    2.46130011e+06   2.98319337e+06   4.22742975e+06   1.29839574e+06
    1.87269167e+06   5.51795256e+06   2.23495556e+06   7.50958214e+06
    4.12296655e+06  -4.55625737e+03]
 [  4.03862376e+03   5.57512526e+05   6.13269268e+06   4.46506944e+06
    4.17078891e+06   3.95037911e+06   4.33318623e+06   6.13205137e+06
    5.23551129e+06   5.68894744e+06   5.31528138e+06   4.99416616e+06
    6.09207988e+06   5.22899051e+06   4.30598978e+06   1.41206549e+06
    1.26879384e+06   2.50347295e+06   1.27175094e+06   3.06822105e+06
    2.61051554e+06   4.48017648e+06   2.12271841e+06   8.95706233e+05
    1.65460552e+06   2.58707237e+06   2.59703939e+06   4.38624514e+06
    3.00657453e+06   1.36471095e+04]
 [  1.15290538e+04   3.03873622e+06   6.55887764e+06   6.40991479e+06
    4.61845954e+06   4.72801665e+06   6.63757991e+06   5.53706290e+06
    5.72389074e+06   5.14294225e+06   2.24426914e+06   3.67499565e+06
    4.88934123e+06   4.95261529e+06   6.62016725e+06   4.86846228e+06
    1.24335806e+06   1.94131582e+06   8.02892216e+05   1.38859060e+06
    2.90351732e+06   5.98843817e+05   2.61218991e+05   7.87528464e+05
    2.20595050e+06   3.28265231e+06   2.71548872e+06   4.98914927e+06
    3.11246145e+06  -2.07355626e+03]
 [  2.75273963e+03   1.46600884e+06   6.47450662e+06   7.23159686e+06
    3.34752414e+06   3.42396307e+06   6.48500284e+06   4.72383439e+06
    5.26196103e+06   5.83682091e+06   5.68359497e+06   4.84050909e+06
    4.75067175e+06   5.67216940e+06   5.91542320e+06   2.40406312e+06
    1.11498957e+06   1.50364269e+06   2.00589063e+06   1.18001696e+06
    1.65773528e+06   1.28935697e+06   1.46420455e+06  -2.74966974e+05
    8.68311223e+05   4.62762544e+05   2.29944086e+06   5.23873499e+06
    2.95676981e+06  -1.03764372e+04]
 [ -1.48021770e+03   1.39278217e+06   7.82260521e+06   1.58413810e+06
    1.30244416e+06   5.01676246e+06   3.04955556e+06   4.29731801e+06
    5.55759688e+06   6.92560374e+06   4.62278245e+06   4.39016721e+06
    4.18908738e+06   4.09539324e+06   2.82483234e+06   1.80437726e+06
    1.78964555e+06   6.11883831e+05   7.07378785e+04  -2.70111273e+05
    8.50176338e+05   2.28757681e+05  -8.54600649e+05  -1.09122388e+06
   -3.99112730e+05  -4.57503064e+05  -5.48901782e+05   4.32401685e+06
    1.71640085e+06  -5.65638321e+03]
 [ -8.49524088e+03   1.05202557e+06   4.88453669e+06   3.26995120e+06
    3.98786212e+06   4.27457996e+06   5.24100145e+06   4.67003676e+06
    3.24372079e+06   3.95904561e+06   3.59847977e+06   3.08598937e+06
    1.34480429e+06   3.51535900e+06   2.51961050e+06   2.69320652e+06
    1.31913112e+06   9.51139906e+05   3.98098638e+04   6.54653090e+05
   -4.95185704e+05  -3.13326142e+06  -6.57061121e+05  -2.24107592e+06
   -1.23012552e+06  -1.35800717e+06  -3.94865316e+05   7.55406555e+05
    1.87414122e+05  -1.73074787e+04]
 [ -2.00374143e+02   9.65184949e+05   7.86386227e+06   6.28653081e+06
    7.43593858e+06   4.99443829e+06   3.33712658e+06   2.93450805e+06
    2.22342350e+06   2.05418836e+06   1.69334394e+06   1.61636532e+06
    1.52780978e+06   1.83453056e+06   2.32718166e+06   2.11615410e+06
   -1.00937474e+06  -7.21110713e+05  -7.86060713e+05  -3.83310797e+05
   -1.17284129e+06  -4.63730164e+06  -2.64607747e+06  -1.72195709e+06
   -2.51275094e+06  -1.19803413e+03  -7.51099189e+05   2.26957046e+06
    1.81715765e+05  -2.93857653e+03]
 [ -3.91700467e+03  -1.61452786e+04  -1.44917369e+06   4.14602954e+06
    4.35149265e+06   3.08807410e+06   1.76733910e+06   2.32850159e+06
    2.03323629e+06   2.45388926e+06   1.89554615e+06   1.04745789e+05
   -2.71313536e+05  -1.49112530e+05  -3.31468802e+05  -1.35243513e+06
   -1.81151662e+06  -2.24720483e+06  -2.22658926e+06  -1.10462257e+06
   -1.03655592e+06  -1.94678995e+06  -3.75953243e+06  -4.59535824e+06
   -4.97097380e+06  -7.44366137e+06  -5.42436038e+06   1.75427788e+06
    4.24766872e+03  -8.72683248e+03]
 [ -9.63202088e+03   3.51257191e+05  -3.45022517e+06  -4.60413496e+06
   -2.84004958e+06  -1.95428237e+06  -2.84262699e+04  -2.52145435e+05
    1.65106092e+05  -1.62978180e+05   6.43823775e+05  -7.48767759e+05
   -2.03995958e+06  -6.75304547e+05  -1.34349124e+06  -2.35907249e+06
   -1.97289993e+06  -1.57441426e+06  -2.73325991e+06  -1.93029998e+06
   -5.07227322e+05  -1.81218702e+06  -4.11494206e+06  -5.76825547e+06
   -6.65083187e+06  -9.19957671e+06  -3.03330817e+06  -8.55863584e+05
   -2.69880979e+04  -1.57856296e+04]
 [ -4.52707556e+02   5.62382008e+04  -2.33435350e+06  -8.71220536e+06
   -7.20041769e+06  -2.49870055e+06  -6.92454655e+05  -1.29538479e+06
   -7.90891776e+05  -2.01147292e+05   2.24506593e+04  -2.89417562e+06
   -1.45897205e+06  -2.16911625e+06  -3.69177230e+06  -4.02848124e+06
   -4.04256225e+05  -8.92302028e+05  -5.62080639e+06  -5.09461610e+06
   -4.17969583e+06  -3.71616712e+06  -4.97344067e+06  -5.64437531e+06
   -2.33975056e+06  -8.11103602e+06  -2.27775710e+06  -1.26872463e+04
   -2.62363228e+03  -1.56450132e+03]
 [ -1.75330190e+00   3.11326649e+01   7.38682238e+05  -9.57775287e+06
   -4.96561089e+06  -5.50144231e+06  -4.20466376e+06  -1.61557874e+06
   -2.59968897e+06  -1.21356484e+06  -1.68296302e+06  -3.06194592e+06
   -1.66616297e+06  -1.62126723e+06  -2.96781773e+06  -5.75088391e+06
   -4.39944472e+06  -5.20258319e+06  -4.21760095e+06  -3.37785856e+06
   -3.54971190e+06  -1.46135280e+06  -5.77107702e+06  -6.79583665e+06
   -7.49646881e+06  -6.81986451e+06   3.97476410e+05  -3.96598362e+02
   -6.76294621e-01  -1.19536620e-01]
 [  0.00000000e+00   0.00000000e+00   2.90877233e+05  -2.85892731e+06
   -3.59409019e+06  -6.07533592e+06  -4.68233735e+06  -2.05281305e+06
   -3.16451572e+06  -1.97320581e+06  -1.64801814e+06  -2.94533107e+06
   -1.96690628e+06  -4.36388654e+06  -3.82158263e+06  -6.98702592e+06
   -6.50856391e+06  -6.37258987e+06  -4.92416739e+06  -6.28110716e+06
   -7.57956400e+06  -5.28744578e+06  -7.38600011e+06  -5.88378010e+06
   -4.69253684e+06  -4.42007141e+06  -1.06380694e+05   0.00000000e+00
    0.00000000e+00   0.00000000e+00]
 [  0.00000000e+00   0.00000000e+00  -7.53728441e-01  -3.13631171e+05
   -2.46062079e+06  -6.45960938e+06  -6.35418715e+06  -3.15079236e+06
   -2.39762585e+06  -3.35747949e+06  -5.47562694e+06  -4.19123737e+06
   -4.79263520e+06  -4.48872806e+06  -1.09675484e+07  -8.97454624e+06
   -7.79666312e+06  -6.10617418e+06  -8.12468437e+06  -1.19867530e+07
   -9.78710472e+06  -7.35901918e+06  -9.45128272e+06  -2.01119998e+06
   -1.88204445e+06   9.38038599e-01   1.95968806e+02  -9.51405502e+00
    8.29089508e+01   0.00000000e+00]
 [  0.00000000e+00   0.00000000e+00  -3.50066642e-13  -7.85673573e+00
   -3.06177738e+05  -3.18605515e+06  -2.32988345e+06  -2.06900061e+06
   -7.44266386e+05  -4.56681220e+06  -2.69303647e+06  -2.29465153e+06
   -2.99597275e+06  -1.92110986e+06  -1.45237134e+06  -2.57347698e+06
   -3.00424752e+06  -3.69741869e+06  -4.15631294e+05  -2.18830935e+05
   -2.07185438e+05  -3.50321643e+05  -1.49299884e+06  -2.89452008e+05
    0.00000000e+00   0.00000000e+00  -1.75211831e+02   1.51746734e+00
   -1.69588899e-01   0.00000000e+00]
 [  0.00000000e+00   0.00000000e+00   0.00000000e+00   0.00000000e+00
    3.93940881e-01   5.04703631e+00  -5.32997890e+00  -5.72503831e+04
   -6.71623327e+04   1.19021376e+00  -6.65526020e+03  -3.69165731e+04
   -7.12508917e-02  -1.89477320e+03  -9.87768041e+02  -1.66714544e+03
   -2.14753618e+03  -2.09532974e+02   0.00000000e+00  -1.69588899e+00
    0.00000000e+00   0.00000000e+00   0.00000000e+00   0.00000000e+00
    0.00000000e+00   0.00000000e+00   0.00000000e+00   0.00000000e+00
    0.00000000e+00   0.00000000e+00]]
outra linha:
[  0.00000000e+00   0.00000000e+00   0.00000000e+00   0.00000000e+00
   0.00000000e+00   0.00000000e+00   0.00000000e+00   4.85792702e+01
   6.16005178e+01   0.00000000e+00   0.00000000e+00  -3.10850417e+02
  -2.74633000e+04  -3.86933488e+03  -6.97960713e+04  -7.10252834e+05
  -1.30374002e+06  -5.33702892e+05  -1.12814917e+05  -2.47524715e+02
   4.71080276e+00  -1.11208751e+05  -7.27360952e+04  -4.02567538e+00
  -1.17664753e+03   0.00000000e+00   0.00000000e+00   0.00000000e+00
   0.00000000e+00   0.00000000e+00]
[       0.                0.                0.                0.                0.
   -39328.88437445 -5500410.0173694  -4097036.96961231  -644131.49505149
 -4300579.91503969 -4341137.30037021 -4249452.7761349  -3018405.26814563
 -6262101.85320471 -6920649.45505886 -6435521.29628334 -7317593.44408092
 -5318649.99510534 -5899889.42682892 -4205099.93809421 -5602868.43501947
 -3820624.83775235 -4724716.14914145 -2989600.52529216 -1267060.57430557
 -2406050.03512293     7626.18918579        0.                0.                0.        ]
[ -7.53728441e-01   7.56433031e+02  -1.68876552e+04   8.18774175e+02
   4.26644322e+05  -2.59232546e+06  -8.63711626e+06  -5.48233865e+06
  -9.39177962e+06  -9.32430932e+06  -6.86247661e+06  -9.45220031e+06
  -1.22404947e+07  -1.19777064e+07  -1.11330019e+07  -9.77281589e+06
  -1.00975158e+07  -1.09312923e+07  -8.34959878e+06  -2.62995644e+06
  -6.51157146e+06  -6.20616757e+06  -7.46150053e+06  -5.81165570e+06
  -5.45915742e+06  -1.51198552e+06  -1.06026283e+05   2.84840220e+03
   0.00000000e+00   0.00000000e+00]
[  0.00000000e+00   7.71672802e+03   1.44065028e+04   4.87729756e+05
   1.39377342e+06  -9.76209662e+05  -4.43879645e+06  -5.68233725e+06
  -5.53984729e+06  -6.92641942e+06  -6.46007403e+06  -7.01613426e+06
  -7.74717092e+06  -9.96559221e+06  -8.54662160e+06  -8.02784612e+06
  -1.05831305e+07  -8.91840297e+06  -5.66029725e+06  -5.49191438e+06
  -5.60220636e+06  -5.21329156e+06  -4.07593137e+06  -4.67613050e+06
  -2.62204968e+06  -2.34960072e+06  -8.18962638e+05   7.63663446e+04
   0.00000000e+00   0.00000000e+00]
[ -1.36371851e+01  -1.00195830e+01  -5.45157649e+02   2.93105593e+06
  -7.53997356e+05   2.41432785e+05  -3.91875881e+06  -3.10898278e+06
  -5.32613430e+06  -5.35962061e+06  -5.69123814e+06  -6.59589233e+06
  -8.36433695e+06  -8.40716840e+06  -7.74283918e+06  -5.32401709e+06
  -4.63929616e+06  -6.54980735e+06  -6.50275490e+06  -4.76261259e+06
  -5.84880733e+06  -4.14640444e+06  -4.35408041e+06  -3.07875104e+06
  -2.36586446e+06  -2.90845179e+06  -1.09531270e+06   5.04841104e+05
  -2.55516886e+00  -8.24832120e-01]
[ -1.28394416e+03  -3.85493616e+03  -2.63214332e+04   5.14416353e+05
   6.81953644e+05   5.75287155e+05  -6.00832850e+05  -3.18802118e+06
  -5.10923434e+06  -3.66838913e+06  -4.23045619e+06  -7.22036027e+06
  -8.27751783e+06  -8.50422098e+06  -9.14177026e+06  -9.58893395e+06
  -9.26781207e+06  -5.91285396e+06  -8.38898337e+06  -7.71835970e+06
  -5.22081726e+06  -5.22496393e+06  -3.79498872e+06  -2.92711986e+06
  -1.85734868e+06  -1.21191317e+06  -1.25182254e+06  -4.12114516e+04
   1.97080393e+04  -1.68293487e+03]
[ -4.78778964e+03  -1.70469587e+04   1.47219435e+06   2.13955464e+06
   2.94777071e+06  -4.61721680e+05   7.77323399e+05   8.62154274e+04
  -3.06359491e+06  -2.71474536e+06  -3.83622140e+06  -2.40268997e+06
  -1.63107786e+06  -7.19294317e+06  -9.26993310e+06  -8.11191637e+06
  -1.06687807e+07  -6.80536145e+06  -6.46491180e+06  -7.37798716e+06
  -5.68638186e+06  -6.27860440e+06  -2.25012746e+06  -3.17376047e+06
  -1.17735993e+06   6.58453773e+05  -3.09426239e+05   3.13557073e+06
   1.19459276e+06  -6.86531004e+03]
[ -3.73966061e+03  -1.47470560e+04   5.99343923e+05   1.81260094e+06
   2.30181165e+06   1.43180802e+06   1.26694914e+06   2.82839102e+05
  -1.66229389e+06  -2.61885424e+06  -3.64942018e+06  -3.21791110e+06
  -1.83860025e+06  -7.34939323e+06  -9.14996452e+06  -8.57553136e+06
  -8.49841117e+06  -4.60076415e+06  -7.33697994e+06  -5.40139278e+06
  -4.78228510e+06  -5.29770218e+06  -1.29218289e+06  -1.25941733e+06
   6.21763684e+05   2.99071302e+06   2.87890422e+06   1.84448285e+06
   1.54930510e+06  -6.47002378e+03]
[ -3.32245293e+03  -3.51120464e+03   2.55481067e+06   3.58536412e+06
   3.71189089e+06   2.99093853e+06   2.01410507e+06   9.78768249e+05
  -8.93352111e+05  -4.54127462e+05  -2.82296030e+06  -2.04913085e+06
  -1.52439578e+06  -5.00250620e+06  -6.41377197e+06  -3.01200238e+06
  -8.06345288e+06  -8.10694053e+06  -7.89921591e+06  -4.63486145e+06
  -3.44527152e+06  -1.81324067e+06  -7.40163299e+05   1.87746959e+06
   2.65462679e+06   1.40230047e+06   2.04058826e+06   2.29744281e+06
   5.28714190e+06  -4.65817382e+03]
[ -1.57054660e+03   2.15391214e+06   4.19339687e+06   4.66797643e+06
   3.60870941e+06   2.74975600e+06   1.23114321e+06   3.29245275e+06
   1.80961873e+06   9.81976558e+05   6.61930124e+05  -4.57762663e+05
  -1.84743235e+06  -2.62860097e+06  -4.33445601e+06  -4.38721592e+06
  -8.96697150e+06  -5.64321562e+06  -2.62592769e+06  -4.54503076e+05
  -2.03320917e+06   1.92504246e+05   1.57082504e+06   2.49280909e+06
   3.91149542e+06   3.13821557e+06   2.59510759e+06   4.27914681e+06
   4.03524223e+06   4.01605202e+04]
[ -4.56781164e+03   1.22529256e+06   2.18333178e+06   3.99788044e+06
   4.18136501e+06   2.79852594e+06   4.27699212e+06   2.64894704e+06
   2.45651729e+06   1.96839850e+06   1.71759188e+06   3.09721555e+05
  -2.50869357e+05  -2.34406143e+06  -2.73823892e+06  -6.54452937e+06
  -9.96905842e+06  -4.27270257e+06   4.72351300e+05   1.99877425e+06
   7.46507514e+05   9.20094084e+05   1.95483329e+06   5.46191341e+06
   5.04422032e+06   3.46194390e+06   3.70448053e+06   5.15368964e+06
   6.31181335e+06  -3.64677462e+03]
[ -7.52263073e+03   2.82122509e+06   4.78755792e+06   4.91901713e+06
   4.09466520e+06   1.91309019e+06   2.14282471e+06   4.20494501e+06
   5.40088984e+06   5.14622346e+06   3.73651701e+06   4.80842526e+06
   3.49842314e+06   8.97181646e+05   5.72610248e+05  -3.95266829e+06
  -5.87554506e+06  -3.23161655e+06   1.57667704e+06   2.23220339e+06
   3.55198448e+06   2.83334050e+06   3.28481888e+06   2.96495742e+06
   2.62321708e+06   3.51772986e+06   4.46179964e+06   4.50680950e+06
   4.27444134e+06  -1.92027483e+03]
[  -13631.36214153  1933806.35131088  2296195.36904706  4879496.86741799
  4630348.63842505  3437773.15747489  2867270.77465278  3256816.28954193
  5572925.42958103  4543930.98731922  2229754.44086265  5484154.72911146
  7750753.20202328  6010493.91476576  3301087.37734205  1706959.21346936
   296515.37457761  -392364.10212208  2171718.01259909  2800528.41662669
  2403352.63181884  2888327.46883306  3989975.89686927  3959736.65186329
  3241084.68576931  5926527.54444933  7326886.77959116  5090647.96230643
  8374796.10745632   -17532.35611834]
[ -2.15783914e+03   4.10163559e+06   1.29500699e+06   2.87321731e+06
   5.36415324e+06   5.18728588e+06   4.62142587e+06   4.68995557e+06
   5.64392704e+06   6.10890358e+06   4.88122213e+06   6.88501625e+06
   7.67420859e+06   7.62202512e+06   9.22104062e+06   4.46462635e+06
   4.58841812e+06   7.82252490e+05   2.73610138e+06   3.62178232e+06
   2.77104995e+06   4.81940679e+06   6.36098358e+06   3.95799798e+06
   1.48976843e+06   5.72888650e+06   8.06707229e+06   8.53947573e+06
   4.18743292e+06   1.11608004e+05]
[ -1.11544184e+03   6.76118609e+05   6.18333556e+06   4.17048909e+06
   4.48389095e+06   3.14280056e+06   4.35315541e+06   4.34060576e+06
   6.31467436e+06   5.66091830e+06   7.13323294e+06   7.35373611e+06
   7.42560635e+06   7.04841739e+06   7.16305965e+06   2.21186764e+06
   2.82117648e+06   1.73353602e+06   1.64362795e+06   3.09202416e+06
   1.90106045e+06   3.49718172e+06   4.84408038e+06   3.82369539e+06
   1.25135302e+06   9.63471482e+05   2.83647002e+06   7.88738019e+06
   6.12029622e+06   1.32834259e+04]
[ -3.95113944e+03   3.75711048e+06   4.91844062e+06   3.75019350e+06
   4.46975207e+06   2.65038670e+06   5.92198329e+06   5.98524314e+06
   6.05891896e+06   7.00637615e+06   7.55717907e+06   5.88103429e+06
   7.32668046e+06   6.08571657e+06   4.97719223e+06   1.25250121e+06
   1.73197457e+06   2.21290895e+06   3.33893448e+06   1.37056458e+06
   2.46130011e+06   2.98319337e+06   4.22742975e+06   1.29839574e+06
   1.87269167e+06   5.51795256e+06   2.23495556e+06   7.50958214e+06
   4.12296655e+06  -4.55625737e+03]
[  4.03862376e+03   5.57512526e+05   6.13269268e+06   4.46506944e+06
   4.17078891e+06   3.95037911e+06   4.33318623e+06   6.13205137e+06
   5.23551129e+06   5.68894744e+06   5.31528138e+06   4.99416616e+06
   6.09207988e+06   5.22899051e+06   4.30598978e+06   1.41206549e+06
   1.26879384e+06   2.50347295e+06   1.27175094e+06   3.06822105e+06
   2.61051554e+06   4.48017648e+06   2.12271841e+06   8.95706233e+05
   1.65460552e+06   2.58707237e+06   2.59703939e+06   4.38624514e+06
   3.00657453e+06   1.36471095e+04]
[  1.15290538e+04   3.03873622e+06   6.55887764e+06   6.40991479e+06
   4.61845954e+06   4.72801665e+06   6.63757991e+06   5.53706290e+06
   5.72389074e+06   5.14294225e+06   2.24426914e+06   3.67499565e+06
   4.88934123e+06   4.95261529e+06   6.62016725e+06   4.86846228e+06
   1.24335806e+06   1.94131582e+06   8.02892216e+05   1.38859060e+06
   2.90351732e+06   5.98843817e+05   2.61218991e+05   7.87528464e+05
   2.20595050e+06   3.28265231e+06   2.71548872e+06   4.98914927e+06
   3.11246145e+06  -2.07355626e+03]
[  2.75273963e+03   1.46600884e+06   6.47450662e+06   7.23159686e+06
   3.34752414e+06   3.42396307e+06   6.48500284e+06   4.72383439e+06
   5.26196103e+06   5.83682091e+06   5.68359497e+06   4.84050909e+06
   4.75067175e+06   5.67216940e+06   5.91542320e+06   2.40406312e+06
   1.11498957e+06   1.50364269e+06   2.00589063e+06   1.18001696e+06
   1.65773528e+06   1.28935697e+06   1.46420455e+06  -2.74966974e+05
   8.68311223e+05   4.62762544e+05   2.29944086e+06   5.23873499e+06
   2.95676981e+06  -1.03764372e+04]
[ -1.48021770e+03   1.39278217e+06   7.82260521e+06   1.58413810e+06
   1.30244416e+06   5.01676246e+06   3.04955556e+06   4.29731801e+06
   5.55759688e+06   6.92560374e+06   4.62278245e+06   4.39016721e+06
   4.18908738e+06   4.09539324e+06   2.82483234e+06   1.80437726e+06
   1.78964555e+06   6.11883831e+05   7.07378785e+04  -2.70111273e+05
   8.50176338e+05   2.28757681e+05  -8.54600649e+05  -1.09122388e+06
  -3.99112730e+05  -4.57503064e+05  -5.48901782e+05   4.32401685e+06
   1.71640085e+06  -5.65638321e+03]
[   -8495.24087571  1052025.56784161  4884536.68618465  3269951.19976002
  3987862.11727433  4274579.95603101  5241001.44827687  4670036.76331821
  3243720.78636662  3959045.61007424  3598479.77340457  3085989.37478492
  1344804.2867104   3515359.00204653  2519610.50379938  2693206.51924797
  1319131.12035823   951139.90571947    39809.86381344   654653.09023637
  -495185.70426325 -3133261.41515041  -657061.12085122 -2241075.91960939
 -1230125.519095   -1358007.16865985  -394865.31609581   755406.55486725
   187414.12161373   -17307.47873525]
[ -2.00374143e+02   9.65184949e+05   7.86386227e+06   6.28653081e+06
   7.43593858e+06   4.99443829e+06   3.33712658e+06   2.93450805e+06
   2.22342350e+06   2.05418836e+06   1.69334394e+06   1.61636532e+06
   1.52780978e+06   1.83453056e+06   2.32718166e+06   2.11615410e+06
  -1.00937474e+06  -7.21110713e+05  -7.86060713e+05  -3.83310797e+05
  -1.17284129e+06  -4.63730164e+06  -2.64607747e+06  -1.72195709e+06
  -2.51275094e+06  -1.19803413e+03  -7.51099189e+05   2.26957046e+06
   1.81715765e+05  -2.93857653e+03]
[ -3.91700467e+03  -1.61452786e+04  -1.44917369e+06   4.14602954e+06
   4.35149265e+06   3.08807410e+06   1.76733910e+06   2.32850159e+06
   2.03323629e+06   2.45388926e+06   1.89554615e+06   1.04745789e+05
  -2.71313536e+05  -1.49112530e+05  -3.31468802e+05  -1.35243513e+06
  -1.81151662e+06  -2.24720483e+06  -2.22658926e+06  -1.10462257e+06
  -1.03655592e+06  -1.94678995e+06  -3.75953243e+06  -4.59535824e+06
  -4.97097380e+06  -7.44366137e+06  -5.42436038e+06   1.75427788e+06
   4.24766872e+03  -8.72683248e+03]
[   -9632.02088274   351257.1913449  -3450225.16985141 -4604134.96339713
 -2840049.5815429  -1954282.37280552   -28426.26989365  -252145.43455635
   165106.09218592  -162978.17974106   643823.77511043  -748767.75877238
 -2039959.58214197  -675304.5474726  -1343491.24200771 -2359072.4883837
 -1972899.93138197 -1574414.26237845 -2733259.91434015 -1930299.98157557
  -507227.32180834 -1812187.01740343 -4114942.06107992 -5768255.46564393
 -6650831.87469822 -9199576.71251885 -3033308.16957887  -855863.58354901
   -26988.09787858   -15785.62961405]
[ -4.52707556e+02   5.62382008e+04  -2.33435350e+06  -8.71220536e+06
  -7.20041769e+06  -2.49870055e+06  -6.92454655e+05  -1.29538479e+06
  -7.90891776e+05  -2.01147292e+05   2.24506593e+04  -2.89417562e+06
  -1.45897205e+06  -2.16911625e+06  -3.69177230e+06  -4.02848124e+06
  -4.04256225e+05  -8.92302028e+05  -5.62080639e+06  -5.09461610e+06
  -4.17969583e+06  -3.71616712e+06  -4.97344067e+06  -5.64437531e+06
  -2.33975056e+06  -8.11103602e+06  -2.27775710e+06  -1.26872463e+04
  -2.62363228e+03  -1.56450132e+03]
[ -1.75330190e+00   3.11326649e+01   7.38682238e+05  -9.57775287e+06
  -4.96561089e+06  -5.50144231e+06  -4.20466376e+06  -1.61557874e+06
  -2.59968897e+06  -1.21356484e+06  -1.68296302e+06  -3.06194592e+06
  -1.66616297e+06  -1.62126723e+06  -2.96781773e+06  -5.75088391e+06
  -4.39944472e+06  -5.20258319e+06  -4.21760095e+06  -3.37785856e+06
  -3.54971190e+06  -1.46135280e+06  -5.77107702e+06  -6.79583665e+06
  -7.49646881e+06  -6.81986451e+06   3.97476410e+05  -3.96598362e+02
  -6.76294621e-01  -1.19536620e-01]
[       0.                0.           290877.23277786 -2858927.31363374
 -3594090.18792035 -6075335.92097388 -4682337.35017873 -2052813.04500761
 -3164515.72155846 -1973205.81469881 -1648018.14398989 -2945331.06949078
 -1966906.2800193  -4363886.5449093  -3821582.6263922  -6987025.92326817
 -6508563.90871128 -6372589.86595448 -4924167.39213347 -6281107.15766179
 -7579564.00018309 -5287445.78160726 -7386000.1114977  -5883780.09881971
 -4692536.8395142  -4420071.40760596  -106380.69429768        0.                0.
        0.        ]
[  0.00000000e+00   0.00000000e+00  -7.53728441e-01  -3.13631171e+05
  -2.46062079e+06  -6.45960938e+06  -6.35418715e+06  -3.15079236e+06
  -2.39762585e+06  -3.35747949e+06  -5.47562694e+06  -4.19123737e+06
  -4.79263520e+06  -4.48872806e+06  -1.09675484e+07  -8.97454624e+06
  -7.79666312e+06  -6.10617418e+06  -8.12468437e+06  -1.19867530e+07
  -9.78710472e+06  -7.35901918e+06  -9.45128272e+06  -2.01119998e+06
  -1.88204445e+06   9.38038599e-01   1.95968806e+02  -9.51405502e+00
   8.29089508e+01   0.00000000e+00]
[  0.00000000e+00   0.00000000e+00  -3.50066642e-13  -7.85673573e+00
  -3.06177738e+05  -3.18605515e+06  -2.32988345e+06  -2.06900061e+06
  -7.44266386e+05  -4.56681220e+06  -2.69303647e+06  -2.29465153e+06
  -2.99597275e+06  -1.92110986e+06  -1.45237134e+06  -2.57347698e+06
  -3.00424752e+06  -3.69741869e+06  -4.15631294e+05  -2.18830935e+05
  -2.07185438e+05  -3.50321643e+05  -1.49299884e+06  -2.89452008e+05
   0.00000000e+00   0.00000000e+00  -1.75211831e+02   1.51746734e+00
  -1.69588899e-01   0.00000000e+00]
[  0.00000000e+00   0.00000000e+00   0.00000000e+00   0.00000000e+00
   3.93940881e-01   5.04703631e+00  -5.32997890e+00  -5.72503831e+04
  -6.71623327e+04   1.19021376e+00  -6.65526020e+03  -3.69165731e+04
  -7.12508917e-02  -1.89477320e+03  -9.87768041e+02  -1.66714544e+03
  -2.14753618e+03  -2.09532974e+02   0.00000000e+00  -1.69588899e+00
   0.00000000e+00   0.00000000e+00   0.00000000e+00   0.00000000e+00
   0.00000000e+00   0.00000000e+00   0.00000000e+00   0.00000000e+00
   0.00000000e+00   0.00000000e+00]
-------------------
30
(30, 30)

***********************************************************
Agora:  Rindex28/f001R2.raw
190.225177778 58.6901843532
